           1  0.990000010       9.99999978E-03   9.99999978E-03  0.990000010    
           2  0.990099013       9.99999978E-03   9.99999978E-03  0.989901006    
           3  0.990188122       9.99999978E-03   9.99999978E-03  0.989811897    
           4  0.990268290       9.99999978E-03   9.99999978E-03  0.989731729    
           5  0.990340412       9.99999978E-03   9.99999978E-03  0.989659607    
           6  0.990405321       9.99999978E-03   9.99999978E-03  0.989594698    
           7  0.990463734       9.99999978E-03   9.99999978E-03  0.989536285    
           8  0.990516305       9.99999978E-03   9.99999978E-03  0.989483714    
           9  0.990563631       9.99999978E-03   9.99999978E-03  0.989436388    
          10  0.990606189       9.99999978E-03   9.99999978E-03  0.989393830    
          11  0.990644515       9.99999978E-03   9.99999978E-03  0.989355505    
          12  0.990679026       9.99999978E-03   9.99999978E-03  0.989320993    
          13  0.990710080       9.99999978E-03   9.99999978E-03  0.989289939    
          14  0.990737975       9.99999978E-03   9.99999978E-03  0.989262044    
          15  0.990763128       9.99999978E-03   9.99999978E-03  0.989236891    
          16  0.990785718       9.99999978E-03   9.99999978E-03  0.989214301    
          17  0.990806043       9.99999978E-03   9.99999978E-03  0.989193976    
          18  0.990824342       9.99999978E-03   9.99999978E-03  0.989175677    
          19  0.990840852       9.99999978E-03   9.99999978E-03  0.989159167    
          20  0.990855694       9.99999978E-03   9.99999978E-03  0.989144325    
          21  0.990869045       9.99999978E-03   9.99999978E-03  0.989130974    
          22  0.990881026       9.99999978E-03   9.99999978E-03  0.989118993    
          23  0.990891814       9.99999978E-03   9.99999978E-03  0.989108205    
          24  0.990901530       9.99999978E-03   9.99999978E-03  0.989098489    
          25  0.990910292       9.99999978E-03   9.99999978E-03  0.989089727    
          26  0.990918159       9.99999978E-03   9.99999978E-03  0.989081860    
          27  0.990925252       9.99999978E-03   9.99999978E-03  0.989074767    
          28  0.990931630       9.99999978E-03   9.99999978E-03  0.989068389    
          29  0.990937352       9.99999978E-03   9.99999978E-03  0.989062667    
          30  0.990942538       9.99999978E-03   9.99999978E-03  0.989057481    
          31  0.990947187       9.99999978E-03   9.99999978E-03  0.989052832    
          32  0.990951359       9.99999978E-03   9.99999978E-03  0.989048660    
          33  0.990955114       9.99999978E-03   9.99999978E-03  0.989044905    
          34  0.990958512       9.99999978E-03   9.99999978E-03  0.989041507    
          35  0.990961552       9.99999978E-03   9.99999978E-03  0.989038467    
          36  0.990964293       9.99999978E-03   9.99999978E-03  0.989035726    
          37  0.990966797       9.99999978E-03   9.99999978E-03  0.989033222    
          38  0.990969002       9.99999978E-03   9.99999978E-03  0.989031017    
          39  0.990971029       9.99999978E-03   9.99999978E-03  0.989028990    
          40  0.990972817       9.99999978E-03   9.99999978E-03  0.989027202    
          41  0.990974426       9.99999978E-03   9.99999978E-03  0.989025593    
          42  0.990975916       9.99999978E-03   9.99999978E-03  0.989024103    
          43  0.990977228       9.99999978E-03   9.99999978E-03  0.989022791    
          44  0.990978420       9.99999978E-03   9.99999978E-03  0.989021599    
          45  0.990979493       9.99999978E-03   9.99999978E-03  0.989020526    
          46  0.990980446       9.99999978E-03   9.99999978E-03  0.989019573    
          47  0.990981281       9.99999978E-03   9.99999978E-03  0.989018738    
          48  0.990982056       9.99999978E-03   9.99999978E-03  0.989017963    
          49  0.990982771       9.99999978E-03   9.99999978E-03  0.989017248    
          50  0.990983367       9.99999978E-03   9.99999978E-03  0.989016652    
          51  0.990983903       9.99999978E-03   9.99999978E-03  0.989016116    
          52  0.990984440       9.99999978E-03   9.99999978E-03  0.989015579    
          53  0.990984917       9.99999978E-03   9.99999978E-03  0.989015102    
          54  0.990985334       9.99999978E-03   9.99999978E-03  0.989014685    
          55  0.990985692       9.99999978E-03   9.99999978E-03  0.989014328    
          56  0.990986049       9.99999978E-03   9.99999978E-03  0.989013970    
          57  0.990986347       9.99999978E-03   9.99999978E-03  0.989013672    
          58  0.990986586       9.99999978E-03   9.99999978E-03  0.989013433    
          59  0.990986824       9.99999978E-03   9.99999978E-03  0.989013195    
          60  0.990987062       9.99999978E-03   9.99999978E-03  0.989012957    
          61  0.990987241       9.99999978E-03   9.99999978E-03  0.989012778    
          62  0.990987420       9.99999978E-03   9.99999978E-03  0.989012599    
          63  0.990987599       9.99999978E-03   9.99999978E-03  0.989012420    
          64  0.990987718       9.99999978E-03   9.99999978E-03  0.989012301    
          65  0.990987837       9.99999978E-03   9.99999978E-03  0.989012182    
          66  0.990987957       9.99999978E-03   9.99999978E-03  0.989012063    
          67  0.990988076       9.99999978E-03   9.99999978E-03  0.989011943    
          68  0.990988195       9.99999978E-03   9.99999978E-03  0.989011824    
          69  0.990988255       9.99999978E-03   9.99999978E-03  0.989011765    
          70  0.990988314       9.99999978E-03   9.99999978E-03  0.989011705    
          71  0.990988374       9.99999978E-03   9.99999978E-03  0.989011645    
          72  0.990988433       9.99999978E-03   9.99999978E-03  0.989011586    
          73  0.990988493       9.99999978E-03   9.99999978E-03  0.989011526    
          74  0.990988553       9.99999978E-03   9.99999978E-03  0.989011467    
          75  0.990988612       9.99999978E-03   9.99999978E-03  0.989011407    
          76  0.990988672       9.99999978E-03   9.99999978E-03  0.989011347    
          77  0.990097642       1.09898597E-02   1.00000594E-02  0.988912463    
          78  0.989118516       1.20657971E-02   1.00001320E-02  0.988815546    
          79  0.988043666       1.32352915E-02   1.00002186E-02  0.988720775    
          80  0.986864805       1.45064723E-02   1.00003229E-02  0.988628387    
          81  0.985572815       1.58881713E-02   1.00004487E-02  0.988538563    
          82  0.984157920       1.73899885E-02   1.00005986E-02  0.988451481    
          83  0.982609451       1.90223549E-02   1.00007784E-02  0.988367438    
          84  0.980915785       2.07966045E-02   1.00009935E-02  0.988286674    
          85  0.979064286       2.27250550E-02   1.00012496E-02  0.988209426    
          86  0.977041304       2.48210877E-02   1.00015560E-02  0.988136053    
          87  0.974831939       2.70992424E-02   1.00019211E-02  0.988066912    
          88  0.972420037       2.95753162E-02   1.00023560E-02  0.988002300    
          89  0.969788015       3.22664715E-02   1.00028738E-02  0.987942636    
          90  0.966916800       3.51913497E-02   1.00034894E-02  0.987888396    
          91  0.963785589       3.83702032E-02   1.00042215E-02  0.987839997    
          92  0.960371912       4.18250300E-02   1.00050913E-02  0.987797976    
          93  0.956651330       4.55797240E-02   1.00061251E-02  0.987762868    
          94  0.952597201       4.96602282E-02   1.00073526E-02  0.987735271    
          95  0.948180676       5.40947206E-02   1.00088092E-02  0.987715840    
          96  0.943370461       5.89137934E-02   1.00105368E-02  0.987705290    
          97  0.938132465       6.41506612E-02   1.00125857E-02  0.987704396    
          98  0.932429731       6.98413849E-02   1.00150146E-02  0.987713933    
          99  0.926222205       7.60250837E-02   1.00178923E-02  0.987734854    
         100  0.919466317       8.27442333E-02   1.00213010E-02  0.987768173    
         101  0.912114859       9.00448933E-02   1.00253373E-02  0.987814903    
         102  0.904116571       9.79770422E-02   1.00301150E-02  0.987876236    
         103  0.895415843      0.106594868       1.00357682E-02  0.987953484    
         104  0.885952473      0.115957111       1.00424560E-02  0.988047957    
         105  0.875661075      0.126127422       1.00503657E-02  0.988161147    
         106  0.864470840      0.137174755       1.00597162E-02  0.988294661    
         107  0.852305114      0.149173766       1.00707673E-02  0.988450289    
         108  0.839080930      0.162205219       1.00838235E-02  0.988629937    
         109  0.824708581      0.176356450       1.00992415E-02  0.988835633    
         110  0.809091032      0.191721782       1.01174423E-02  0.989069641    
         111  0.792123556      0.208403006       1.01389186E-02  0.989334404    
         112  0.773693264      0.226509795       1.01642460E-02  0.989632547    
         113  0.753678679      0.246160135       1.01940995E-02  0.989966929    
         114  0.731949329      0.267480612       1.02292644E-02  0.990340650    
         115  0.708365440      0.290606707       1.02706561E-02  0.990757048    
         116  0.682778001      0.315682769       1.03193363E-02  0.991219699    
         117  0.655028939      0.342861742       1.03765344E-02  0.991732597    
         118  0.624951839      0.372304410       1.04436651E-02  0.992299914    
         119  0.592373550      0.404177725       1.05223507E-02  0.992926180    
         120  0.557117283      0.438651800       1.06144398E-02  0.993616283    
         121  0.519007742      0.475894570       1.07220206E-02  0.994375467    
         122  0.477880836      0.516062260       1.08474307E-02  0.995209277    
         123  0.433600575      0.559282422       1.09932534E-02  0.996123552    
         124  0.386090279      0.605622709       1.11622941E-02  0.997124493    
         125  0.335392475      0.655031443       1.13575244E-02  0.998218358    
         126  0.281788528      0.707217991       1.15819806E-02  0.999411285    
         127  0.226050720      0.761401534       1.18385777E-02   1.00070894    
         128  0.169988275      0.815766394       1.21297743E-02   1.00211537    
         129  0.117544651      0.866367221       1.24569703E-02   1.00363100    
         130   7.59508163E-02  0.905981362       1.28193963E-02   1.00524831    
         131   5.18708825E-02  0.927971065       1.32125355E-02   1.00694537    
         132   4.14801687E-02  0.936204195       1.36284670E-02   1.00868702    
         133   3.71030755E-02  0.938390017       1.40609723E-02   1.01044583    
         134   3.51370275E-02  0.938145697       1.45074558E-02   1.01220965    
         135   3.42146009E-02  0.936844468       1.49670253E-02   1.01397371    
         136   3.37716490E-02  0.935052752       1.54394396E-02   1.01573598    
         137   3.35564762E-02  0.933023214       1.59247313E-02   1.01749539    
         138   3.34515013E-02  0.930873692       1.64230634E-02   1.01925159    
         139   3.34003866E-02  0.928660572       1.69346575E-02   1.02100420    
         140   3.33757773E-02  0.926410973       1.74597725E-02   1.02275324    
         141   3.33642736E-02  0.924138129       1.79986823E-02   1.02449870    
         142   3.33592780E-02  0.921848297       1.85516756E-02   1.02624047    
         143   3.33575346E-02  0.919544518       1.91190429E-02   1.02797866    
         144   3.33574302E-02  0.917228043       1.97010860E-02   1.02971315    
         145   3.33581641E-02  0.914899409       2.02981066E-02   1.03144407    
         146   3.33593376E-02  0.912558675       2.09104121E-02   1.03317130    
         147   3.33607495E-02  0.910205722       2.15383135E-02   1.03489494    
         148   3.33622992E-02  0.907840371       2.21821219E-02   1.03661489    
         149   3.33639421E-02  0.905462325       2.28421558E-02   1.03833127    
         150   3.33656482E-02  0.903071284       2.35187318E-02   1.04004407    
         151   3.33674103E-02  0.900666893       2.42121723E-02   1.04175329    
         152   3.33692208E-02  0.898248851       2.49227993E-02   1.04345882    
         153   3.33710797E-02  0.895816863       2.56509390E-02   1.04516077    
         154   3.33729796E-02  0.893370569       2.63969190E-02   1.04685915    
         155   3.33749317E-02  0.890909612       2.71610674E-02   1.04855394    
         156   3.33769284E-02  0.888433695       2.79437155E-02   1.05024529    
         157   3.33789736E-02  0.885942459       2.87451930E-02   1.05193305    
         158   3.33810709E-02  0.883435547       2.95658335E-02   1.05361724    
         159   3.33832167E-02  0.880912602       3.04059703E-02   1.05529785    
         160   3.33854146E-02  0.878373325       3.12659368E-02   1.05697501    
         161   3.33876647E-02  0.875817358       3.21460664E-02   1.05864859    
         162   3.33899669E-02  0.873244345       3.30466889E-02   1.06031859    
         163   3.33923288E-02  0.870653987       3.39681394E-02   1.06198514    
         164   3.33947465E-02  0.868045926       3.49107496E-02   1.06364822    
         165   3.33972201E-02  0.865419805       3.58748510E-02   1.06530774    
         166   3.33997533E-02  0.862775266       3.68607715E-02   1.06696379    
         167   3.34023461E-02  0.860112011       3.78688350E-02   1.06861639    
         168   3.34050022E-02  0.857429743       3.88993658E-02   1.07026553    
         169   3.34077254E-02  0.854728043       3.99526879E-02   1.07191122    
         170   3.34105119E-02  0.852006674       4.10291180E-02   1.07355344    
         171   3.34133655E-02  0.849265277       4.21289690E-02   1.07519221    
         172   3.34162861E-02  0.846503496       4.32525538E-02   1.07682753    
         173   3.34192738E-02  0.843721032       4.44001742E-02   1.07845938    
         174   3.34223360E-02  0.840917647       4.55721319E-02   1.08008778    
         175   3.34254690E-02  0.838092983       4.67687175E-02   1.08171272    
         176   3.34286764E-02  0.835246742       4.79902215E-02   1.08333433    
         177   3.34319621E-02  0.832378626       4.92369272E-02   1.08495247    
         178   3.34353223E-02  0.829488337       5.05091064E-02   1.08656716    
         179   3.34387645E-02  0.826575637       5.18070236E-02   1.08817852    
         180   3.34422849E-02  0.823640227       5.31309359E-02   1.08978641    
         181   3.34458910E-02  0.820681930       5.44810928E-02   1.09139097    
         182   3.34495790E-02  0.817700386       5.58577292E-02   1.09299219    
         183   3.34533527E-02  0.814695418       5.72610758E-02   1.09458995    
         184   3.34572159E-02  0.811666846       5.86913489E-02   1.09618437    
         185   3.34611684E-02  0.808614373       6.01487532E-02   1.09777546    
         186   3.34652141E-02  0.805537820       6.16334826E-02   1.09936321    
         187   3.34693491E-02  0.802437067       6.31457195E-02   1.10094762    
         188   3.34735811E-02  0.799311876       6.46856278E-02   1.10252869    
         189   3.34779099E-02  0.796162069       6.62533566E-02   1.10410643    
         190   3.34823355E-02  0.792987525       6.78490475E-02   1.10568082    
         191   3.34868655E-02  0.789788127       6.94728196E-02   1.10725188    
         192   3.34914960E-02  0.786563754       7.11247772E-02   1.10881972    
         193   3.34962308E-02  0.783314288       7.28050098E-02   1.11038423    
         194   3.35010700E-02  0.780039668       7.45135918E-02   1.11194539    
         195   3.35060172E-02  0.776739836       7.62505680E-02   1.11350334    
         196   3.35110761E-02  0.773414731       7.80159757E-02   1.11505795    
         197   3.35162468E-02  0.770064354       7.98098296E-02   1.11660933    
         198   3.35215330E-02  0.766688704       8.16321224E-02   1.11815739    
         199   3.35269347E-02  0.763287783       8.34828317E-02   1.11970222    
         200   3.35324518E-02  0.759861648       8.53619054E-02   1.12124383    
         201   3.35380919E-02  0.756410301       8.72692689E-02   1.12278211    
         202   3.35438512E-02  0.752933919       8.92048329E-02   1.12431717    
         203   3.35497335E-02  0.749432564       9.11684856E-02   1.12584901    
         204   3.35557424E-02  0.745906353       9.31600854E-02   1.12737763    
         205   3.35618779E-02  0.742355466       9.51794609E-02   1.12890303    
         206   3.35681438E-02  0.738780022       9.72264335E-02   1.13042521    
         207   3.35745402E-02  0.735180318       9.93007869E-02   1.13194418    
         208   3.35810706E-02  0.731556535      0.101402283       1.13345993    
         209   3.35877351E-02  0.727908909      0.103530660       1.13497245    
         210   3.35945375E-02  0.724237740      0.105685629       1.13648188    
         211   3.36014777E-02  0.720543385      0.107866868       1.13798809    
         212   3.36085595E-02  0.716826081      0.110074036       1.13949108    
         213   3.36157829E-02  0.713086247      0.112306766       1.14099097    
         214   3.36231515E-02  0.709324300      0.114564665       1.14248765    
         215   3.36306654E-02  0.705540597      0.116847306       1.14398122    
         216   3.36383283E-02  0.701735616      0.119154245       1.14547157    
         217   3.36461402E-02  0.697909832      0.121485010       1.14695883    
         218   3.36541049E-02  0.694063663      0.123839088       1.14844286    
         219   3.36622223E-02  0.690197706      0.126215965       1.14992380    
         220   3.36704925E-02  0.686312497      0.128615066       1.15140164    
         221   3.36789154E-02  0.682408571      0.131035835       1.15287638    
         222   3.36874984E-02  0.678486586      0.133477643       1.15434802    
         223   3.36962417E-02  0.674547136      0.135939881       1.15581656    
         224   3.37051451E-02  0.670590818      0.138421878       1.15728199    
         225   3.37142088E-02  0.666618347      0.140922964       1.15874434    
         226   3.37234363E-02  0.662630439      0.143442422       1.16020358    
         227   3.37328278E-02  0.658627808      0.145979539       1.16165972    
         228   3.37423831E-02  0.654611170      0.148533568       1.16311276    
         229   3.37521061E-02  0.650581300      0.151103735       1.16456270    
         230   3.37619968E-02  0.646538973      0.153689250       1.16600966    
         231   3.37720551E-02  0.642485023      0.156289309       1.16745353    
         232   3.37822810E-02  0.638420224      0.158903077       1.16889429    
         233   3.37926820E-02  0.634345412      0.161529705       1.17033207    
         234   3.38032506E-02  0.630261481      0.164168343       1.17176676    
         235   3.38139944E-02  0.626169264      0.166818112       1.17319846    
         236   3.38249095E-02  0.622069716      0.169478118       1.17462707    
         237   3.38359959E-02  0.617963672      0.172147453       1.17605269    
         238   3.38472575E-02  0.613852024      0.174825191       1.17747533    
         239   3.38586941E-02  0.609735727      0.177510425       1.17889500    
         240   3.38703059E-02  0.605615735      0.180202201       1.18031156    
         241   3.38820890E-02  0.601492941      0.182899594       1.18172514    
         242   3.38940509E-02  0.597368300      0.185601637       1.18313575    
         243   3.39061879E-02  0.593242824      0.188307375       1.18454337    
         244   3.39184962E-02  0.589117408      0.191015840       1.18594801    
         245   3.39309834E-02  0.584993005      0.193726078       1.18734968    
         246   3.39436419E-02  0.580870569      0.196437120       1.18874836    
         247   3.39564793E-02  0.576751113      0.199148014       1.19014406    
         248   3.39694880E-02  0.572635531      0.201857790       1.19153690    
         249   3.39826718E-02  0.568524837      0.204565480       1.19292676    
         250   3.39960270E-02  0.564419925      0.207270131       1.19431365    
         251   3.40095572E-02  0.560321808      0.209970787       1.19569755    
         252   3.40232588E-02  0.556231380      0.212666512       1.19707859    
         253   3.40371318E-02  0.552149534      0.215356365       1.19845665    
         254   3.40511762E-02  0.548077285      0.218039423       1.19983184    
         255   3.40653881E-02  0.544015467      0.220714778       1.20120406    
         256   3.40797678E-02  0.539965034      0.223381519       1.20257342    
         257   3.40943150E-02  0.535926819      0.226038754       1.20393980    
         258   3.41090299E-02  0.531901717      0.228685603       1.20530331    
         259   3.41239087E-02  0.527890623      0.231321201       1.20666397    
         260   3.41389515E-02  0.523894310      0.233944714       1.20802176    
         261   3.41541544E-02  0.519913673      0.236555293       1.20937669    
         262   3.41695212E-02  0.515949488      0.239152148       1.21072865    
         263   3.41850445E-02  0.512002528      0.241734475       1.21207774    
         264   3.42007242E-02  0.508073568      0.244301498       1.21342397    
         265   3.42165604E-02  0.504163384      0.246852472       1.21476734    
         266   3.42325494E-02  0.500272632      0.249386653       1.21610785    
         267   3.42486873E-02  0.496402085      0.251903325       1.21744561    
         268   3.42649780E-02  0.492552429      0.254401833       1.21878052    
         269   3.42814140E-02  0.488724321      0.256881475       1.22011256    
         270   3.42979953E-02  0.484918386      0.259341627       1.22144175    
         271   3.43147181E-02  0.481135249      0.261781663       1.22276807    
         272   3.43315825E-02  0.477375507      0.264200985       1.22409165    
         273   9.88699570E-02  0.471767008      0.263438374       1.16592443    
         274  0.157210380      0.466225803      0.262678057       1.11388552    
         275  0.209970459      0.460751086      0.261920035       1.06735814    
         276  0.257706016      0.455342084      0.261164278       1.02578735    
         277  0.300917238      0.449997991      0.260410786      0.988673747    
         278  0.340054333      0.444718003      0.259659559      0.955567896    
         279  0.375522405      0.439501375      0.258910567      0.926065445    
         280  0.407686085      0.434347361      0.258163840      0.899802506    
         281  0.436873525      0.429255188      0.257419348      0.876451731    
         282  0.463380039      0.424224138      0.256677091      0.855718553    
         283  0.487471461      0.419253439      0.255937070      0.837337852    
         284  0.509387016      0.414342403      0.255199254      0.821071208    
         285  0.529341936      0.409490287      0.254463643      0.806703985    
         286  0.547530055      0.404696405      0.253730237      0.794043124    
         287  0.564125776      0.399960041      0.252999038      0.782914937    
         288  0.579286098      0.395280510      0.252270043      0.773163080    
         289  0.593152344      0.390657157      0.251543224      0.764647007    
         290  0.605851650      0.386089265      0.250818580      0.757240236    
         291  0.617498517      0.381576180      0.250096112      0.750828922    
         292  0.628196001      0.377117276      0.249375820      0.745310664    
         293  0.638036788      0.372711867      0.248657688      0.740593374    
         294  0.647104442      0.368359327      0.247941718      0.736594200    
         295  0.655474126      0.364059001      0.247227892      0.733238637    
         296  0.663213491      0.359810293      0.246516213      0.730459690    
         297  0.670383453      0.355612576      0.245806664      0.728196979    
         298  0.677038908      0.351465225      0.245099247      0.726396322    
         299  0.683229148      0.347367644      0.244393945      0.725008965    
         300  0.688998699      0.343319237      0.243690759      0.723990977    
         301  0.694387615      0.339319408      0.242989689      0.723302960    
         302  0.699431896      0.335367560      0.242290720      0.722909510    
         303  0.704164028      0.331463158      0.241593853      0.722778678    
         304  0.708613276      0.327605605      0.240899071      0.722881794    
         305  0.712805927      0.323794335      0.240206376      0.723193109    
         306  0.716765761      0.320028812      0.239515752      0.723689437    
         307  0.720514119      0.316308469      0.238827199      0.724349976    
         308  0.724070251      0.312632769      0.238140717      0.725156009    
         309  0.727451503      0.309001178      0.237456292      0.726090729    
         310  0.730673552      0.305413157      0.236773923      0.727139056    
         311  0.733750463      0.301868200      0.236093596      0.728287458    
         312  0.736694932      0.298365772      0.235415310      0.729523718    
         313  0.739518404      0.294905394      0.234739065      0.730836868    
         314  0.742231190      0.291486531      0.234064847      0.732217133    
         315  0.744842649      0.288108706      0.233392656      0.733655691    
         316  0.747361124      0.284771413      0.232722476      0.735144675    
         317  0.749794245      0.281474143      0.232054308      0.736676991    
         318  0.752148867      0.278216451      0.231388152      0.738246262    
         319  0.754431129      0.274997860      0.230723992      0.739846766    
         320  0.756646574      0.271817893      0.230061814      0.741473436    
         321  0.758800328      0.268676072      0.229401633      0.743121684    
         322  0.760896862      0.265571952      0.228743434      0.744787455    
         323  0.762940347      0.262505084      0.228087202      0.746467054    
         324  0.764934480      0.259475023      0.227432936      0.748157263    
         325  0.766882598      0.256481320      0.226780638      0.749855101    
         326  0.768787801      0.253523558      0.226130292      0.751558006    
         327  0.770652831      0.250601262      0.225481898      0.753263652    
         328  0.772480190      0.247714043      0.224835455      0.754969954    
         329  0.774272144      0.244861469      0.224190950      0.756675065    
         330  0.776030779      0.242043138      0.223548383      0.758377373    
         331  0.777757943      0.239258617      0.222907737      0.760075390    
         332  0.779455304      0.236507520      0.222269014      0.761767864    
         333  0.781124473      0.233789429      0.221632212      0.763453603    
         334  0.782766819      0.231103957      0.220997319      0.765131652    
         335  0.784383595      0.228450716      0.220364332      0.766801119    
         336  0.785976052      0.225829303      0.219733238      0.768461168    
         337  0.787545204      0.223239347      0.219104037      0.770111203    
         338  0.789092004      0.220680475      0.218476728      0.771750569    
         339  0.790617406      0.218152314      0.217851296      0.773378789    
         340  0.792122185      0.215654492      0.217227742      0.774995387    
         341  0.793607116      0.213186637      0.216606066      0.776600003    
         342  0.795072913      0.210748404      0.215986252      0.778192282    
         343  0.796520174      0.208339423      0.215368286      0.779771984    
         344  0.797949493      0.205959350      0.214752182      0.781338811    
         345  0.799361467      0.203607842      0.214137927      0.782892644    
         346  0.800756514      0.201284543      0.213525519      0.784433305    
         347  0.802135170      0.198989123      0.212914944      0.785960615    
         348  0.803497851      0.196721256      0.212306201      0.787474573    
         349  0.804844975      0.194480598      0.211699277      0.788975060    
         350  0.806176901      0.192266837      0.211094186      0.790462017    
         351  0.807493985      0.190079629      0.210490897      0.791935444    
         352  0.808796525      0.187918678      0.209889427      0.793395340    
         353  0.810084879      0.185783654      0.209289759      0.794841647    
         354  0.811359346      0.183674246      0.208691895      0.796274483    
         355  0.812620163      0.181590155      0.208095819      0.797693849    
         356  0.813867629      0.179531068      0.207501531      0.799099743    
         357  0.815101981      0.177496701      0.206909031      0.800492287    
         358  0.816323400      0.175486743      0.206318304      0.801871538    
         359  0.817532182      0.173500896      0.205729350      0.803237557    
         360  0.818728507      0.171538889      0.205142155      0.804590404    
         361  0.819912612      0.169600427      0.204556733      0.805930197    
         362  0.821084619      0.167685226      0.203973070      0.807257056    
         363  0.822244763      0.165793002      0.203391150      0.808571041    
         364  0.823393226      0.163923487      0.202810973      0.809872210    
         365  0.824530184      0.162076399      0.202232540      0.811160743    
